label: "Euroc"
id: 412eab8e4058621f7036b5e765dfe812
cameras:
- camera:
    label: cam0 # Right camera, same position as imu
    id: 54812562fa109c40fe90b29a59dd7798
    line-delay-nanoseconds: 0
    image_height:  1280
    image_width: 1280
    type: pinhole
    intrinsics:
      cols: 1
      rows: 4
      data: [637.4571185489884,849.72526249, 640, 640 ] #1274.9142371, 955.940920301, 1280.0,1280.0] 
    distortion:
      type: radial-tangential  
      parameters:
        cols: 1
        rows: 4
        data: [0.0,0.0,0.0,0.0]
  T_B_C:
    cols: 4
    rows: 4
    data: [0,0.5,0.86602540378, 0,
        -1, 0, 0, 0,
        0,-0.86602540378,0.5, 0,
        0, 0, 0, 1]
    
- camera:
    label: cam1 #Left 
    id: 54812562fa109c40fe90b29a59dd7723
    line-delay-nanoseconds: 0
    image_height: 1280
    image_width: 1280
    type: pinhole

    intrinsics:
      cols: 1
      rows: 4
      data: [637.4571185489884,849.72526249, 640, 640 ] #1274.9142371, 955.940920301, 1280.0,1280.0] 
    distortion:
      type: radial-tangential  
      parameters:
        cols: 1
        rows: 4
        data: [0.0,0.0,0.0,0.0]
  T_B_C:
    cols: 4
    rows: 4
    data: [0,0.5,0.86602540378, 0,
        -1, 0, 0, 0.5,
        0,-0.86602540378,0.5, 0,
        0, 0, 0, 1]

imu_params:
  delay_imu_cam: 0.0
  max_imu_delta_t: 0.01
  acc_max: 176.0
  omega_max: 17
  sigma_omega_c: 12.0e-4 #0.20217871960997943
  sigma_acc_c: 8.0e-3 #0.768295170716657
  sigma_omega_bias_c: 0.03
  sigma_acc_bias_c: 0.1
  sigma_integration: 0.0
  g: 9.8066
  imu_rate: 200

imu_initialization:
  velocity: [0.0, 0, 0.0]
  omega_bias: [0.0, 0, 0.0]
  acc_bias: [0.0,0.0,0.0]
  velocity_sigma: 1.0
  omega_bias_sigma: 0.001 #0.001
  acc_bias_sigma: 0.001 #0.001
